function [  ] = plot_price( )
% This function plots the evolution of S&P 500 Index from 2000 to 2010
price=[1455.22	1399.42	1402.11	1403.45	1441.47	1457.6	1438.56	1432.25	1449.68	1465.15	1455.14	1455.9	1445.57	1441.36	1401.53	1410.03	1404.09	1398.56	1360.16	1394.46	1409.28	1409.12	1424.97	1424.37	1424.24	1441.72	1411.71	1416.83	1387.12	1389.94	1402.05	1387.67	1388.26	1346.09	1352.17	1360.69	1353.43	1333.36	1348.05	1366.42	1379.19	1381.76	1409.17	1391.28	1355.62	1366.7	1401.69	1395.07	1383.62	1359.15	1392.14	1458.47	1464.47	1456.63	1493.87	1500.64	1527.35	1527.46	1523.86	1507.73	1508.52	1487.92	1498.58	1505.97	1494.73	1487.37	1501.34	1516.35	1504.46	1500.59	1467.17	1440.51	1356.56	1401.44	1441.61	1427.47	1434.54	1429.86	1477.44	1460.99	1464.92	1452.43	1468.25	1446.29	1415.1	1409.57	1432.63	1424.17	1412.14	1383.05	1407.81	1420.96	1452.36	1466.04	1447.8	1437.21	1406.95	1400.72	1373.86	1399.05	1381.52	1378.02	1422.45	1420.6	1448.81	1477.26	1467.63	1457.84	1471.36	1461.67	1456.95	1446	1469.44	1470.54	1478.73	1464.46	1486	1475.95	1479.13	1452.18	1441.48	1455.31	1450.55	1454.82	1442.39	1454.6	1469.54	1446.23	1456.67	1478.9	1475.62	1480.88	1492.92	1495.84	1509.98	1510.49	1493.74	1481.96	1495.57	1480.19	1464.29	1474.47	1452.42	1449.62	1419.89	1430.83	1438.1	1438.7	1452.56	1462.93	1479.32	1482.8	1472.87	1460.25	1471.84	1491.56	1484.43	1479.85	1496.07	1491.72	1499.48	1498.13	1505.97	1508.31	1506.45	1514.09	1509.84	1502.59	1517.68	1520.77	1507.08	1492.25	1502.51	1494.5	1489.26	1481.99	1484.91	1480.87	1465.81	1444.51	1459.9	1451.34	1449.05	1448.72	1439.03	1427.21	1426.57	1458.29	1436.51	1436.23	1426.46	1434.32	1436.28	1408.99	1402.03	1387.02	1364.59	1329.78	1374.17	1374.62	1349.97	1342.13	1388.76	1396.93	1395.78	1398.13	1364.9	1364.44	1379.58	1398.66	1429.4	1421.22	1428.32	1426.69	1432.19	1431.87	1409.28	1400.14	1365.98	1351.26	1382.95	1389.81	1372.32	1367.72	1342.62	1347.35	1322.36	1341.77	1348.97	1336.09	1341.93	1314.95	1315.23	1324.97	1376.54	1351.46	1343.55	1369.89	1380.2	1371.18	1359.99	1340.93	1312.15	1322.74	1305.6	1264.74	1274.86	1305.95	1315.19	1328.92	1334.22	1320.28	1283.27	1347.56	1333.34	1298.35	1295.86	1300.8	1313.27	1326.82	1318.55	1326.65	1329.47	1347.97	1342.54	1342.9	1360.4	1364.3	1357.51	1354.95	1364.17	1373.73	1366.01	1373.47	1349.47	1354.31	1352.26	1340.89	1332.53	1314.76	1330.31	1318.8	1315.92	1326.61	1301.53	1278.94	1255.27	1252.82	1245.86	1267.65	1257.94	1239.94	1241.23	1234.18	1241.41	1253.8	1261.89	1264.74	1233.42	1180.16	1197.66	1166.71	1173.56	1150.53	1170.81	1142.62	1122.14	1117.58	1139.83	1152.69	1182.17	1153.29	1147.95	1160.33	1145.87	1106.46	1103.25	1151.44	1128.43	1137.59	1168.38	1165.89	1183.5	1179.68	1191.81	1238.16	1253.69	1242.98	1224.36	1209.47	1228.75	1234.52	1253.05	1249.46	1266.44	1267.43	1248.58	1266.61	1263.51	1261.2	1255.54	1255.18	1245.67	1248.92	1249.44	1284.99	1288.49	1291.96	1312.83	1309.38	1289.05	1293.17	1277.89	1267.93	1248.08	1255.82	1260.67	1267.11	1283.57	1270.03	1276.96	1264.96	1254.39	1255.85	1241.6	1219.87	1214.36	1208.43	1212.58	1223.14	1237.04	1225.35	1218.6	1216.76	1211.07	1226.2	1224.38	1236.72	1234.45	1219.24	1190.59	1198.78	1181.52	1180.18	1208.14	1215.68	1202.45	1214.44	1207.71	1215.02	1210.85	1191.03	1171.65	1190.49	1202.93	1205.82	1204.52	1211.23	1215.93	1220.75	1214.35	1200.48	1204.4	1183.53	1183.43	1190.16	1191.29	1186.73	1178.02	1181.66	1161.97	1171.41	1157.26	1165.31	1162.09	1184.93	1179.21	1161.51	1148.56	1129.03	1133.58	1132.94	1131.74	1106.4	1085.78	1092.54	1038.77	1032.74	1016.1	984.54	965.8	1003.45	1012.27	1007.04	1018.61	1040.94	1038.55	1051.33	1072.28	1069.63	1071.38	1062.44	1056.75	1080.99	1097.43	1091.65	1089.98	1097.54	1077.09	1068.61	1073.48	1089.9	1084.78	1085.2	1100.09	1104.61	1078.3	1059.79	1059.78	1084.1	1087.2	1102.84	1118.86	1115.8	1118.54	1120.31	1118.33	1139.09	1141.21	1142.24	1138.65	1151.06	1142.66	1137.03	1150.34	1157.42	1149.5	1128.52	1140.2	1139.45	1129.9	1144.8	1170.35	1167.1	1158.31	1139.93	1136.76	1137.07	1119.38	1123.09	1134.36	1142.92	1149.56	1139.93	1144.89	1144.65	1149.37	1157.13	1161.02	1148.08	1154.67	1165.27	1172.51	1164.89	1160.71	1155.14	1156.55	1145.6	1138.41	1146.19	1127.57	1138.88	1127.58	1119.31	1128.18	1132.15	1133.28	1133.06	1100.64	1113.57	1130.2	1122.2	1094.44	1090.02	1083.51	1080.17	1096.22	1111.94	1107.5	1118.51	1116.48	1104.18	1083.34	1097.98	1080.95	1089.84	1109.43	1109.38	1109.89	1106.73	1131.78	1153.84	1146.14	1162.77	1157.54	1164.31	1168.26	1165.58	1154.09	1153.04	1166.16	1165.55	1170.29	1151.85	1153.59	1148.7	1131.87	1138.49	1144.58	1147.39	1146.54	1136.76	1125.4	1126.34	1122.73	1125.29	1117.8	1130.47	1103.69	1111.01	1102.55	1128.37	1126.07	1124.47	1125.17	1107.83	1100.96	1093.14	1091.48	1076.32	1065.45	1076.92	1086.46	1084.56	1073.43	1052.67	1049.49	1088.85	1073.01	1054.99	1074.56	1097.28	1091.07	1098.23	1106.59	1091.88	1079.88	1086.02	1097.08	1083.82	1074.55	1067.66	1064.66	1067.14	1040.68	1040.69	1049.9	1029.15	1027.53	1030.74	1013.6	1020.26	1009.56	1007.27	1036.17	1037.14	1019.99	1006.29	989.14	992.72	976.14	973.53	990.64	989.82	968.65	948.09	953.99	989.03	976.98	952.83	920.47	927.37	921.39	917.93	900.94	906.04	881.56	847.75	819.85	797.7	843.43	838.68	852.84	898.96	902.78	911.62	884.66	864.24	834.6	859.57	876.77	905.46	908.64	903.8	884.21	919.62	930.25	928.77	950.7	937.43	949.36	962.7	940.86	947.95	934.82	917.87	917.8	916.07	878.02	893.4	879.15	893.92	902.96	909.58	909.45	886.91	889.81	891.1	873.52	869.46	843.32	845.39	833.7	819.29	839.66	854.95	827.37	815.28	847.91	827.91	818.95	800.58	785.28	798.55	776.76	803.92	835.32	841.44	881.27	860.02	879.2	884.39	899.72	890.16	896.14	882.5	897.65	890.23	882.15	890.71	885.76	900.96	908.35	915.39	923.76	902.65	894.74	876.19	882.95	882.53	904.27	909.83	900.36	896.74	914.15	933.76	930.55	932.87	913.31	938.87	936.31	934.53	920.75	917.58	906.55	912.23	892	904.45	904.96	901.58	889.48	910.4	902.99	891.12	884.25	895.76	897.38	892.47	889.66	875.4	879.39	879.82	909.03	908.59	929.01	922.93	909.93	927.57	927.57	926.26	931.66	918.22	914.6	901.78	887.62	878.36	887.34	861.4	847.48	858.54	864.36	844.61	855.7	860.32	848.2	843.59	838.15	829.69	835.97	829.2	818.68	817.37	834.89	851.17	845.13	837.1	848.17	832.58	838.57	827.55	837.28	841.15	834.81	821.99	829.85	822.1	828.89	807.48	800.73	804.19	831.9	833.27	862.79	866.45	874.02	875.67	895.79	864.23	874.74	869.95	868.52	863.5	848.18	858.48	880.9	876.45	878.85	879.93	878.29	865.99	871.58	868.3	885.23	890.81	879.91	893.58	892.01	911.37	919.02	911.43	898.81	914.84	917.84	916.92	916.3	930.08	926.55	934.39	929.62	920.27	933.41	945.11	942.3	939.28	946.67	944.3	920.77	919.73	923.42	931.87	933.22	951.48	953.22	949.64	963.59	967	971.56	986.24	990.14	987.76	975.93	984.84	997.48	998.51	988.61	1010.74	1011.66	1010.09	994.7	995.69	981.64	983.45	975.32	985.82	976.22	974.5	982.32	993.75	985.7	1004.42	1007.84	1002.21	988.7	998.14	1003.86	1000.42	994.09	981.73	993.32	978.8	988.11	988.61	981.6	998.68	996.52	989.28	987.49	990.31	980.15	982.82	965.46	967.08	974.12	977.59	980.59	990.35	984.03	990.51	990.67	999.74	1002.35	1000.3	1003.27	993.06	993.71	996.73	996.79	1002.84	1008.01	1021.99	1026.27	1027.97	1021.39	1031.64	1023.17	1010.92	1016.42	1018.63	1014.81	1029.32	1025.97	1039.58	1036.3	1022.82	1029.03	1009.38	1003.27	996.85	1006.58	995.97	1018.22	1020.24	1029.85	1034.35	1039.25	1033.78	1038.73	1038.06	1045.35	1049.48	1046.76	1050.07	1039.32	1044.68	1046.03	1030.36	1033.77	1028.91	1031.13	1046.79	1048.11	1046.94	1050.71	1059.02	1053.25	1051.81	1058.05	1053.21	1047.11	1046.57	1058.53	1058.41	1050.35	1043.63	1034.15	1042.44	1033.65	1035.28	1052.08	1053.89	1058.45	1058.2	1070.12	1066.62	1064.73	1069.72	1061.5	1069.3	1060.18	1059.05	1071.21	1074.14	1068.04	1075.13	1076.48	1089.18	1088.66	1092.94	1096.02	1094.04	1095.89	1109.48	1109.64	1111.92	1108.48	1122.22	1123.67	1126.33	1131.92	1121.86	1127.23	1121.22	1130.52	1132.05	1139.83	1138.77	1147.62	1143.94	1141.55	1155.37	1144.05	1128.48	1134.11	1131.13	1135.26	1136.03	1126.52	1128.59	1142.76	1139.81	1145.54	1157.76	1152.11	1145.81	1156.99	